-1.43e-07
-8.1e-07
-2.36e-06
-4.85e-06
-8.05e-06
-1.14e-05
-1.44e-05
-1.64e-05
-1.71e-05
-1.63e-05
-1.41e-05
-1.1e-05
-7.25e-06
-3.37e-06
3.07e-07
3.53e-06
6.12e-06
7.95e-06
8.89e-06
8.85e-06
7.77e-06
5.67e-06
2.68e-06
-8.98e-07
-4.69e-06
-8.25e-06
-1.11e-05
-1.3e-05
-1.37e-05
-1.32e-05
-1.16e-05
-9.05e-06
-5.91e-06
-2.44e-06
1.07e-06
4.33e-06
7.09e-06
9.09e-06
1.01e-05
1.01e-05
8.85e-06
6.56e-06
3.42e-06
-2.42e-07
-4.03e-06
-7.53e-06
-1.04e-05
-1.23e-05
-1.31e-05
-1.27e-05
-1.12e-05
-8.82e-06
-5.69e-06
-2.14e-06
1.54e-06
4.98e-06
7.86e-06
9.88e-06
1.08e-05
1.06e-05
9.12e-06
6.66e-06
3.45e-06
-1.81e-07
-3.85e-06
-7.19e-06
-9.89e-06
-1.17e-05
-1.25e-05
-1.22e-05
-1.09e-05
-8.59e-06
-5.53e-06
-1.98e-06
1.72e-06
5.21e-06
8.12e-06
1.01e-05
1.11e-05
1.08e-05
9.33e-06
6.88e-06
3.7e-06
9.98e-08
-3.55e-06
-6.91e-06
-9.67e-06
-1.16e-05
-1.24e-05
-1.22e-05
-1.08e-05
-8.47e-06
-5.33e-06
-1.71e-06
2.02e-06
5.49e-06
8.34e-06
1.03e-05
1.11e-05
1.08e-05
