L(m)	Z(m)
0.0 70.9337
0.998913	70.9844
1.997826	71.0195
2.996738	71.029
3.995651	71.042
4.994564	71.0724
5.993477	71.1271
6.99239	71.1383
7.991303	71.1257
8.990215	71.1249
9.989128	71.1551
10.988041	71.2085
11.986954	71.2897
12.985867	71.4588
13.98478	71.5543
14.983692	71.5906
15.982605	71.5932
16.981518	71.588
17.980431	71.6135
18.979344	71.6484
19.978257	71.7034
20.977169	71.8137
21.976082	71.9206
22.974995	71.9471
23.973908	71.9609
24.972821	72.0046
25.971733	72.0168
26.970646	71.9906
27.969559	71.9654
28.968472	71.9708
29.967385	71.988
30.966298	72.0061
31.96521	72.0666
32.964123	72.235
33.963036	72.4414
34.961949	72.5831
35.960862	72.7013
36.959775	72.8435
37.958687	72.8711
38.9576	72.8925
39.956513	72.9136
40.955426	72.8936
41.954339	72.9045
42.953252	72.9413
43.952164	73.1225
44.951077	73.8233
45.94999	74.2023
46.948903	74.3151
47.947816	74.3126
48.946728	74.3105
49.945641	74.2589
50.944554	74.1946
51.943467	74.1719
52.94238	74.185
53.941293	74.2409
54.940205	74.3147
55.939118	74.3264
56.938031	74.3321
57.936944	74.3344
58.935857	74.3565
59.93477	74.3763
60.933682	74.391
61.932595	74.402
62.931508	74.4289
63.930421	74.4599
64.929334	74.5022
65.928247	74.5365
66.927159	74.5705
67.926072	74.6018
68.924985	74.6306
69.923898	74.6591
70.922811	74.6804
71.921724	74.6692
72.920636	74.6821
73.919549	74.6705
74.918462	74.6641
75.917375	74.7446
76.916288	74.7972
77.9152	74.8245
78.914113	75.0425
79.913026	75.3094
80.911939	75.4994
81.910852	75.6741
82.909765	75.7927
83.908677	75.7043
84.90759	75.8116
85.906503	76.4475
86.905416	77.1212
87.904329	77.8285
88.903242	78.5682
89.902154	79.1544
90.901067	79.3866
91.89998	79.4387
92.898893	79.4487
93.897806	79.41
94.896719	79.3855
95.895631	79.4646
96.894544	79.4876
97.893457	79.5023
98.89237	79.5379
99.891283	79.5984
100.890195	79.6222
101.889108	79.6169
102.888021	79.5891
103.886934	79.518
104.885847	79.5096
105.88476	79.5538
106.883672	79.5618
107.882585	79.5371
108.881498	79.5382
109.880411	79.5459
110.879324	79.556
111.878237	79.5722
112.877149	79.5533
113.876062	79.4907
114.874975	79.4717
115.873888	79.4675
116.872801	79.5238
117.871714	79.6065
118.870626	79.7521
119.869539	79.8596
120.868452	79.9519
121.867365	80.0514
122.866278	80.1523
123.86519	80.2478
124.864103	80.334
125.863016	80.4106
126.861929	80.4707
127.860842	80.5247
128.859755	80.7305
129.858667	80.9405
130.85758	81.1162
131.856493	81.2795
132.855406	81.4367
133.854319	81.5906
134.853232	81.7429
135.852144	81.8948
136.851057	82.0471
137.84997	82.2005
138.848883	82.3557
139.847796	82.5132
140.846709	82.6736
141.845621	82.8376
142.844534	83.0059
143.843447	83.1795
144.84236	83.36
145.841273	83.5497
146.840185	83.7532
147.839098	83.981
148.838011	84.2753
149.836924	84.367
150.835837	84.4754
151.83475	84.9005
152.833662	85.3266
153.832575	85.8122
154.831488	86.3221
155.830401	86.8712
156.829314	87.4037
157.828227	87.8322
158.827139	88.1436
159.826052	88.3813
160.824965	88.5699
161.823878	88.7177
162.822791	88.8358
163.821704	88.9429
164.820616	89.0546
165.819529	89.1787
166.818442	89.3182
167.817355	89.4727
168.816268	89.6406
169.81518	89.8182
170.814093	89.9999
171.813006	90.1795
172.811919	90.3537
173.810832	90.5232
174.809745	90.691
175.808657	90.8606
176.80757	91.0351
177.806483	91.2166
178.805396	91.406
179.804309	91.6032
180.803222	91.8065
181.802134	92.0092
182.801047	92.1938
183.79996	92.3409
184.798873	92.4125
185.797786	92.5352
186.796699	92.8101
187.795611	93.0879
188.794524	93.3714
189.793437	93.6612
190.79235	93.9571
191.791263	94.2589
192.790176	94.5666
193.789088	94.881
194.788001	95.2035
195.786914	95.5374
196.785827	95.8893
197.78474	96.2723
198.783652	96.7067
199.782565	97.2188
200.781478	97.824
201.780391	98.5054
202.779304	99.2342
203.778217	100.0848
204.777129	100.7646
205.776042	101.1983
206.774955	101.7492
207.773868	102.3558
208.772781	102.9978
209.771694	103.6692
210.770606	104.3679
211.769519	105.0961
212.768432	105.8578
213.767345	106.6621
214.766258	107.5233
215.765171	108.4624
216.764083	109.2784
217.762996	109.7867
218.761909	110.3381
219.760822	110.9386
220.759735	111.6252
221.758647	112.0118
222.75756	112.2639
223.756473	112.563
224.755386	112.8987
225.754299	113.2645
226.753212	113.6559
227.752124	114.0696
228.751037	114.503
229.74995	114.9546
230.748863	115.4236
231.747776	115.9096
232.746689	116.4126
233.745601	116.9324
234.744514	117.4693
235.743427	118.0227
236.74234	118.5922
237.741253	119.1763
238.740166	119.7726
239.739078	120.3773
240.737991	120.9873
241.736904	121.5799
242.735817	121.9495
243.73473	122.4349
244.733642	122.911
245.732555	123.3977
246.731468	123.9024
247.730381	124.4283
248.729294	124.9779
249.728207	125.5527
250.727119	126.1553
251.726032	126.7886
252.724945	127.458
253.723858	128.1689
254.722771	128.9265
255.721684	129.7195
256.720596	130.4772
257.719509	131.0778
258.718422	131.6453
259.717335	132.2454
260.716248	132.8919
261.715161	133.5846
262.714073	134.3238
263.712986	135.1123
264.711899	135.9597
265.710812	136.8837
266.709725	137.9239
267.708637	139.1194
268.70755	139.6251
269.706463	139.6691
270.705376	139.8141
271.704289	140.7557
272.703202	141.6986
273.702114	142.4154
274.701027	143.1199
275.69994	143.7627
276.698853	144.5197
277.697766	145.267
278.696679	145.9032
279.695591	146.4856
280.694504	147.174
281.693417	147.9108
282.69233	148.5023
283.691243	148.9961
284.690156	149.5317
285.689068	150.1322
286.687981	150.7954
287.686894	151.5146
288.685807	152.2702
289.68472	153.0091
290.683633	153.4733
291.682545	153.7664
292.681458	154.0029
293.680371	154.5066
294.679284	154.9878
295.678197	155.4882
296.677109	156.008
297.676022	156.5422
298.674935	157.093
299.673848	157.677
300.672761	158.309
301.671674	159.0332
302.670586	159.6532
303.669499	160.188
304.668412	160.7917
305.667325	161.4255
306.666238	162.0504
307.665151	162.5465
308.664063	163.0507
309.662976	163.5119
310.661889	164.2851
311.660802	165.1032
312.659715	165.7422
313.658628	166.4172
314.65754	166.973
315.656453	167.4367
316.655366	167.8614
317.654279	168.2334
318.653192	168.7416
319.652104	169.153
320.651017	169.5543
321.64993	170.0636
322.648843	170.5388
323.647756	170.9372
324.646669	171.2575
325.645581	171.5516
326.644494	171.8259
327.643407	172.253
328.64232	172.6991
329.641233	173.119
330.640146	173.6428
331.639058	174.2145
332.637971	174.7125
333.636884	175.1774
334.635797	175.685
335.63471	176.3196
336.633623	176.981
337.632535	177.5658
338.631448	178.1583
339.630361	178.7409
340.629274	179.2069
341.628187	179.6375
342.627099	180.1729
343.626012	180.7897
344.624925	181.4835
345.623838	182.152
346.622751	182.77
347.621664	183.3918
348.620576	184.1257
349.619489	184.8572
350.618402	185.5477
351.617315	186.3102
352.616228	187.001
353.615141	187.7194
354.614053	188.3759
355.612966	189.0931
356.611879	189.9751
357.610792	190.8153
358.609705	191.5597
359.608618	192.3786
360.60753	193.2159
361.606443	194.0172